Multiple size <= 100
TEST 1 ARG:93 52 0 59 77 36 68 34 21 74 39 62 17 29 92 76 13 11 63 47 18 38 22 28 54 24 6 48 2 30 46 7 51 75 57 23 89 99 40 69 32 98 71 72 73 9 15 88 95 97 90 58 31 70 83 5 50 19 41 12 16 37 42 1 80 14 85 82 27 79 94 45 67 86 96 53 84 55 61 81 10 49 33 87 20 78 44 43 4 66 91 65 3 35 26 25 8 60 64 56
TEST 2 ARG:4 51 46 91 26 77 18 20 14 3 41 61 66 96 19 1 10 9 65 43 99 45 73 81 16 5 85 62 56 94 97 28 49 12 83 11 35 44 69 98 7 89 8 37 84 50 36 34 33 88 76 24 38 40 0 63 15 39 93 67 64 54 25 68 21 29 75 79 17 92 42 74 53 31 80 22 70 71 78 60 23 48 2 13 86 59 57 87 30 72 27 95 6 55 90 52 82 58 47 32
TEST 6 ARG:1 57 45 7 53 95 99 34 96 81 27 15 84 47 83 6 41 43 4 48 52 11 78 82 62 37 20 9 23 88 24 77 0 25 66 33 30 19 97 70 93 42 71 8 69 51 44 90 79 31 74 2 76 54 36 73 68 26 39 56 5 75 64 16 50 98 32 89 28 92 14 94 65 72 18 80 22 12 55 35 85 87 38 61 3 49 13 86 63 17 60 59 91 10 40 21 29 67 58 46
TEST 7 ARG:88 72 52 58 27 51 0 8 81 50 63 48 85 22 18 71 95 29 60 17 16 57 99 5 25 28 11 82 69 66 84 36 6 83 90 37 56 32 42 77 31 40 64 86 33 74 55 76 80 62 73 43 54 3 10 13 75 38 68 12 45 19 30 23 67 47 49 61 34 21 26 35 2 4 59 41 20 97 53 87 1 24 44 96 93 94 79 65 9 39 92 14 15 7 89 70 78 46 91 98
TEST 8 ARG:24 18 80 68 12 52 10 33 27 85 31 7 47 78 65 58 37 45 6 79 8 26 74 2 0 25 89 36 83 32 21 81 61 96 76 20 72 88 19 34 92 64 57 16 9 49 4 23 56 84 59 77 69 87 46 1 70 71 28 66 5 50 91 82 41 11 39 30 38 43 51 44 93 95 97 99 3 60 48 15 63 54 35 53 42 98 17 29 55 86 94 13 90 75 67 14 40 62 22 73
TEST 10 ARG:19 7 74 51 62 83 66 10 48 96 34 0 33 56 98 43 38 9 94 85 1 97 5 79 2 67 91 86 93 92 99 45 82 90 31 76 61 75 21 71 77 41 15 88 87 27 44 59 73 69 50 72 52 58 20 95 12 68 13 40 4 14 54 80 39 53 17 36 32 65 11 78 35 26 18 37 47 63 30 28 64 81 55 89 25 22 70 6 42 3 24 46 23 49 60 16 8 29 57 84
TEST 11 ARG:77 55 72 91 69 47 13 5 94 46 93 27 79 54 95 88 6 44 38 75 1 81 3 40 49 0 16 18 99 76 71 68 85 35 56 30 57 83 31 7 43 65 19 86 12 21 24 22 8 34 82 33 61 9 52 20 28 67 66 2 60 84 98 11 41 89 97 59 45 73 62 10 32 14 48 15 74 53 96 64 4 36 37 39 90 87 92 63 51 17 80 70 78 42 50 25 58 23 29 26
TEST 12 ARG:81 71 27 74 11 18 58 15 90 61 70 94 34 51 4 73 60 5 99 93 68 26 82 44 91 25 42 7 95 14 1 80 39 35 78 79 76 47 23 56 49 3 32 50 21 52 83 30 98 8 33 65 72 9 67 0 92 57 2 43 54 17 46 38 48 53 45 85 28 13 29 64 40 31 77 22 36 20 10 88 55 66 97 16 62 12 6 19 69 87 75 96 59 63 24 86 84 37 41 89
TEST 13 ARG:22 93 85 19 64 72 14 78 13 73 24 45 84 97 50 36 40 26 42 27 63 68 37 48 71 76 10 74 79 98 46 21 96 1 7 31 3 83 29 87 5 80 59 69 11 75 66 56 0 51 25 88 35 90 17 57 49 53 61 18 41 70 95 65 32 44 6 94 33 39 20 54 62 43 15 2 67 34 55 99 9 89 4 12 23 91 16 86 47 77 30 60 38 52 92 82 58 8 28 81
TEST 15 ARG:2 22 60 64 76 25 74 92 4 97 95 62 49 10 8 3 85 42 38 90 23 16 45 65 58 0 17 82 39 73 29 40 9 30 79 84 20 43 56 94 87 88 61 13 36 21 5 41 59 50 1 63 19 55 6 18 80 51 24 32 48 96 27 77 7 28 70 26 98 81 93 91 37 14 69 54 31 68 78 34 75 99 72 46 86 33 35 67 53 44 11 71 15 66 57 89 47 83 12 52
